20181124
20181121
20181117
20181114
20181110
20181107
20181103
20181031
20181027
20181024
20181020
20181017
20181013
20181010
20181006
20181003
20180929
20180926
20180922
20180919
20180915
20180912
20180908
20180905
20180901
20180829
20180825
20180822
20180818
20180815
20180811
20180808
20180804
20180801
20180728
20180725
20180721
20180718
20180714
20180707
20180630
20180623
20180616
20180609
20180602
20180526
20180519
20180512
20180505
20180428
20180421
20180414
20180407
20180331
20180324
20180317
20180310
20180303
20180224
20180217
20180210
20180203
20180127
20180120
20180113
20180106
20171230
20171223
20171216
20171209
20171202
20171125
20171118
20171111
20171104
20171028
20171021
20171014
20171007
20170930
20170923
20170916
20170909
20170902
20170826
20170819
20170812
20170805
20170729
20170722
20170715
20170708
20170701
20170624
20170617
20170610
20170603
20170527
20170520
20170513
20170506
20170429
20170422
20170415
20170408
20170401
20170325
20170318
20170311
20170304
20170225
20170218
20170211
20170204
20170128
20170121
20170114
20170107
20161231
20161224
20161217
20161210
20161203
20161126
20161119
20161112
20161105
20161029
20161022
20161015
20161008
20161001
20160924
20160917
20160910
20160903
20160827
20160820
20160813
20160806
20160730
20160723
20160716
20160709
20160702
20160625
20160618
20160611
20160604
20160528
20160521
20160514
20160507
20160430
20160423
20160416
20160409
20160402
20160326
20160319
20160312
20160305
20160227
20160220
20160213
20160206
20160130
20160123
20160116
20160109
20160102
20151226
20151219
20151212
20151205
20151128
20151121
20151114
20151107
20151031
20151024
20151017
20151010
20151003
20150926
20150919
20150912
20150905
20150829
20150822
20150815
20150808
20150801
20150725
20150718
20150711
20150704
20150627
20150620
20150613
20150606
20150530
20150523
20150516
20150509
20150502
20150425
20150418
20150411
20150404
20150328
20150321
20150314
20150307
20150228
20150221
20150214
20150207
20150131
20150124
20150117
20150110
20150103
20141227
20141220
20141213
20141206
20141129
20141122
20141115
20141108
20141101
20141025
20141018
20141011
20141004
20140927
20140920
20140913
20140906
20140830
20140823
20140816
20140809
20140802
20140726
20140719
20140712
20140705
20140628
20140621
20140614
20140607
20140531
20140524
20140517
20140510
20140503
20140426
20140419
20140412
20140405
20140329
20140322
20140315
20140308
20140301
20140222
20140215
20140208
20140201
20140125
20140118
20140111
20140104
20131228
20131221
20131214
20131207
20131130
20131123
20131116
20131109
20131102
20131026
20131019
20131012
20131005
20130928
20130921
20130914
20130907
20130831
20130824
20130817
20130810
20130803
20130727
20130720
20130713
20130706
20130629
20130622
20130615
20130608
20130601
20130525
20130518
20130511
20130504
20130427
20130420
20130413
20130406
20130330
20130323
20130316
20130309
20130302
20130223
20130216
20130209
20130202
20130126
20130119
20130112
20130105
20121229
20121222
20121215
20121208
20121201
20121124
20121117
20121110
20121103
20121027
20121020
20121013
20121006
20120929
20120922
20120915
20120908
20120901
20120825
20120818
20120811
20120804
20120728
20120721
20120714
20120707
20120630
20120623
20120616
20120609
20120602
20120526
20120519
20120512
20120505
20120428
20120421
20120414
20120407
20120331
20120324
20120317
20120310
20120303
20120225
20120218
20120211
20120204
20120128
20120121
20120114
20120107
20111231
20111224
20111217
20111210
20111203
20111126
20111119
20111112
20111105
20111029
20111022
20111015
20111008
20111001
20110924
20110917
20110910
20110903
20110827
20110820
20110813
20110806
20110730
20110723
20110716
20110709
20110702
20110625
20110618
20110611
20110604
20110528
20110521
20110514
20110507
20110430
20110423
20110416
20110409
20110402
20110326
20110319
20110312
20110305
20110226
20110219
20110212
20110205
20110129
20110122
20110115
20110108
20110101
20101225
20101218
20101211
20101204
20101127
20101120
20101113
20101106
20101030
20101023
20101016
20101009
20101002
20100925
20100918
20100911
20100904
20100828
20100821
20100814
20100807
20100731
20100724
20100717
20100710
20100703
20100626
20100619
20100612
20100605
20100529
20100522
20100515
20100508
20100501
20100424
20100417
20100410
20100403
20100327
20100320
20100313
20100306
20100227
20100220
20100213
20100206
20100130
20100123
20100116
20100109
20100102
20091226
20091219
20091212
20091205
20091128
20091121
20091114
20091107
20091031
20091024
20091017
20091010
20091003
20090926
20090919
20090912
20090905
20090829
20090822
20090815
20090808
20090801
20090725
20090718
20090711
20090704
20090627
20090620
20090613
20090606
20090530
20090523
20090516
20090509
20090502
20090425
20090418
20090411
20090404
20090328
20090321
20090314
20090307
20090228
20090221
20090214
20090207
20090131
20090124
20090117
20090110
20090103
20081227
20081220
20081213
20081206
20081129
20081122
20081115
20081108
20081101
20081025
20081018
20081011
20081004
20080927
20080920
20080913
20080906
20080830
20080823
20080816
20080809
20080802
20080726
20080719
20080712
20080705
20080628
20080621
20080614
20080607
20080531
20080524
20080517
20080510
20080503
20080426
20080419
20080412
20080405
20080329
20080322
20080315
20080308
20080301
20080223
20080216
20080209
20080202
20080126
20080119
20080112
20080105
20071229
20071222
20071215
20071208
20071201
20071124
20071117
20071110
20071103
20071027
20071020
20071013
20071006
20070929
20070922
20070915
20070908
20070901
20070825
20070818
20070811
20070804
20070728
20070721
20070714
20070707
20070630
20070623
20070616
20070609
20070602
20070526
20070519
20070512
20070505
20070428
20070421
20070414
20070407
20070331
20070324
20070317
20070310
20070303
20070224
20070217
20070210
20070203
20070127
20070120
20070113
20070106
20061230
20061223
20061216
20061209
20061202
20061125
20061118
20061111
20061104
20061028
20061021
20061014
20061007
20060930
20060923
20060916
20060909
20060902
20060826
20060819
20060812
20060805
20060729
20060722
20060715
20060708
20060701
20060624
20060617
20060610
20060603
20060527
20060520
20060513
20060506
20060429
20060422
20060415
20060408
20060401
20060325
20060318
20060311
20060304
20060225
20060218
20060211
20060204
20060128
20060121
20060114
20060107
20051231
20051224
20051217
20051210
20051203
20051126
20051119
20051112
20051105
20051029
20051022
20051015
20051008
20051001
20050924
20050917
20050910
20050903
20050827
20050820
20050813
20050806
20050730
20050723
20050716
20050709
20050702
20050625
20050618
20050611
20050604
20050528
20050521
20050514
20050507
20050430
20050423
20050416
20050409
20050402
20050326
20050319
20050312
20050305
20050226
20050219
20050212
20050205
20050129
20050122
20050115
20050108
20050101
20041225
20041218
20041211
20041204
20041127
20041120
20041113
20041106
20041030
20041023
20041016
20041009
20041002
20040925
20040918
20040911
20040904
20040828
20040821
20040814
20040807
20040731
20040724
20040717
20040710
20040703
20040626
20040619
20040612
20040605
20040529
20040522
20040515
20040508
20040501
20040424
20040417
20040410
20040403
20040327
20040320
20040313
20040306
20040228
20040221
20040214
20040207
20040131
20040124
20040117
20040110
20040103
20031227
20031220
20031213
20031206
20031129
20031122
20031115
20031108
20031101
20031025
20031018
20031011
20031004
20030927
20030920
20030913
20030906
20030830
20030823
20030816
20030809
20030802
20030726
20030719
20030712
20030705
20030628
20030621
20030614
20030607
20030531
20030524
20030517
20030510
20030503
20030426
20030419
20030412
20030405
20030329
20030322
20030315
20030308
20030301
20030222
20030215
20030208
20030201
20030125
20030118
20030111
20030104
20021228
20021221
20021214
20021207
20021130
20021123
20021116
20021109
20021102
20021026
20021019
20021012
20021005
20020928
20020921
20020914
20020907
20020831
20020824
20020817
20020810
20020803
20020727
20020720
20020713
20020706
20020629
20020622
20020615
20020608
20020601
20020525
20020518
20020511
20020504
20020427
20020420
20020413
20020406
20020330
20020323
20020316
20020309
20020302
20020223
20020216
20020209
20020202
20020126
20020119
20020112
20020105
20011229
20011222
20011215
20011208
20011201
20011124
20011117
20011110
20011103
20011027
20011020
20011013
20011006
20010929
20010922
20010915
20010908
20010901
20010825
20010818
20010811
20010804
20010728
20010721
20010714
20010707
20010630
20010623
20010616
20010609
20010602
20010526
20010519
20010512
20010505
20010428
20010421
20010414
20010407
20010331
20010324
20010317
20010310
20010303
20010224
20010217
20010210
20010203
20010127
20010120
20010113
20010106
20001230
20001223
20001216
20001209
20001202
20001125
20001118
20001111
20001104
20001028
20001021
20001014
20001007
20000930
20000923
20000916
20000909
20000902
20000826
20000819
20000812
20000805
20000729
20000722
20000715
20000708
20000701
20000624
20000617
20000610
20000603
20000527
20000520
20000513
20000506
20000429
20000422
20000415
20000408
20000401
20000325
20000318
20000311
20000304
20000226
20000219
20000212
20000205
20000129
20000122
20000115
20000108
20000101
19991225
19991218
19991211
19991204
19991127
19991120
19991113
19991106
19991030
19991023
19991016
19991009
19991002
19990925
19990918
19990911
19990904
19990828
19990821
19990814
19990807
19990731
19990724
19990717
19990710
19990703
19990626
19990619
19990612
19990605
19990529
19990522
19990515
19990508
19990501
19990424
19990417
19990410
19990403
19990327
19990320
19990313
19990306
19990227
19990220
19990213
19990206
19990130
19990123
19990116
19990109
19990102
19981226
19981219
19981212
19981205
19981128
19981121
19981114
19981107
19981031
19981024
19981017
19981010
19981003
19980926
19980919
19980912
19980905
19980829
19980822
19980815
19980808
19980801
19980725
19980718
19980711
19980704
19980627
19980620
19980613
19980606
19980530
19980523
19980516
19980509
19980502
19980425
19980418
19980411
19980404
19980328
19980321
19980314
19980307
19980228
19980221
19980214
19980207
19980131
19980124
19980117
19980110
19980103
19971227
19971220
19971213
19971206
19971129
19971122
19971115
19971108
19971101
19971025
19971018
19971011
19971004
19970927
19970920
19970913
19970906
19970830
19970823
19970816
19970809
19970802
19970726
19970719
19970712
19970705
19970628
19970621
19970614
19970607
19970531
19970524
19970517
19970510
19970503
19970426
19970419
19970412
19970405
19970329
19970322
19970315
19970308
19970301
19970222
19970215
19970208
19970201
19970125
19970118
19970111
19970104
19961228
19961221
19961214
19961207
19961130
19961123
19961116